72572 SLC Salt Lake City Observations at 12Z 21 Feb 2008

-----------------------------------------------------------------------------
   PRES   HGHT   TEMP   DWPT   RELH   MIXR   DRCT   SKNT   THTA   THTE   THTV
    hPa     m      C      C      %    g/kg    deg   knot     K      K      K 
-----------------------------------------------------------------------------
 1000.0    118                                                               
  925.0    759                                                               
  867.0   1288    0.0   -0.6     96   4.24      0      0  284.5  296.7  285.2
  850.0   1444   -0.3   -2.1     88   3.87    315      3  285.8  297.1  286.5
  849.0   1453   -0.3   -2.2     87   3.85    315      3  285.9  297.1  286.6
  825.0   1683   -1.3   -2.0     95   4.02    315      3  287.2  298.9  287.9
  810.0   1829   -1.7   -2.4     95   3.97    315      3  288.3  299.9  289.0
  779.5   2134   -2.6   -3.3     95   3.86    335      4  290.5  301.9  291.2
  777.0   2160   -2.7   -3.4     95   3.85    336      4  290.7  302.1  291.3
  750.0   2438   -4.2   -5.0     94   3.53    350      3  292.0  302.6  292.6
  721.5   2743   -5.8   -6.7     93   3.21      5      5  293.5  303.2  294.0
  700.0   2981   -7.1   -8.1     93   2.98    140      2  294.6  303.7  295.1
  665.0   3379   -9.3  -10.6     90   2.58    155      2  296.5  304.5  296.9
  641.0   3658  -11.3  -12.7     90   2.26    165      2  297.3  304.4  297.7
  591.8   4267  -15.6  -17.2     88   1.69    250      1  299.2  304.6  299.5
  578.0   4446  -16.9  -18.5     87   1.55    257      3  299.7  304.7  300.0
  545.5   4877  -19.2  -20.7     88   1.36    275      9  302.0  306.4  302.2
  541.0   4939  -19.5  -21.0     88   1.33    261      9  302.3  306.7  302.6
  503.0   5476  -22.7  -27.4     65   0.81    140      6  304.8  307.6  304.9
  500.0   5520  -23.1  -28.1     64   0.76    130      6  304.8  307.4  305.0
  461.9   6096  -27.7  -35.2     49   0.42     55      1  306.1  307.6  306.1
  454.0   6222  -28.7  -36.7     46   0.37     56      2  306.3  307.6  306.4
  409.0   6964  -34.1  -42.1     44   0.23     63      8  308.6  309.5  308.7
  400.0   7120  -35.3  -43.3     44   0.21     65      9  309.0  309.8  309.1
  388.7   7315  -37.0  -45.0     43   0.18     80     10  309.3  310.0  309.3
  371.6   7620  -39.8  -47.8     42   0.14     60     10  309.7  310.2  309.7
  339.6   8230  -45.2  -53.2     40   0.08     75     10  310.4  310.7  310.4
  329.0   8445  -47.1  -55.1     39   0.07     72     13  310.6  310.8  310.6
  309.8   8839  -49.2  -57.2     39   0.05     65     20  313.0  313.2  313.0
  300.0   9050  -50.3  -58.3     38   0.05     70     24  314.3  314.6  314.4
  295.7   9144  -51.0  -59.0     38   0.05     75     25  314.6  314.8  314.6
  293.0   9204  -51.5  -59.5     38   0.04     80     26  314.8  314.9  314.8
  287.0   9338  -50.9  -58.9     38   0.05     80     29  317.5  317.7  317.5
  282.1   9449  -51.2  -59.2     38   0.05     80     31  318.5  318.7  318.6
  276.0   9592  -51.7  -59.7     38   0.04     78     27  319.9  320.1  319.9
  269.0   9759  -50.5  -58.5     38   0.05     76     22  324.0  324.2  324.0
  264.0   9882  -48.5  -57.5     34   0.06     75     19  328.7  328.9  328.7
  254.0  10136  -49.1  -59.1     30   0.05     71     12  331.4  331.7  331.4
  250.0  10240  -48.5  -59.5     27   0.05     70      9  333.8  334.1  333.8
  247.0  10320  -48.3  -59.3     27   0.05    135      4  335.3  335.5  335.3
  245.4  10363  -47.7  -59.2     25   0.05    170      1  336.9  337.1  336.9
  244.0  10401  -47.1  -59.1     24   0.05    178      2  338.2  338.5  338.3
  230.0  10793  -47.1  -60.1     21   0.05    265      9  344.0  344.2  344.0
  223.9  10973  -45.6  -59.9     19   0.05    305     13  348.9  349.1  348.9
  220.0  11090  -44.7  -59.7     17   0.06    288     13  352.1  352.4  352.1
  213.9  11278  -44.8  -61.0     15   0.05    260     12  354.7  355.0  354.8
  204.5  11582  -45.0  -63.1     11   0.04    300     11  359.1  359.3  359.1
  200.0  11730  -45.1  -64.1     10   0.03    295     12  361.2  361.4  361.2
  195.3  11887  -45.1  -64.1     10   0.04    285     17  363.6  363.8  363.6
  193.0  11968  -45.1  -64.1     10   0.04    281     16  364.9  365.1  364.9
  189.0  12108  -43.7  -64.7      8   0.03    274     14  369.3  369.5  369.3
  186.6  12192  -44.1  -65.3      8   0.03    270     13  370.1  370.2  370.1
  170.3  12802  -46.7  -69.5      6   0.02    275     14  375.5  375.6  375.6
  169.0  12853  -46.9  -69.9      6   0.02    278     12  376.0  376.1  376.0
  163.0  13093  -46.3  -70.3      5   0.02    289      5  380.9  381.0  380.9
  162.7  13106  -46.4  -70.3      5   0.02    290      5  381.0  381.1  381.0
  155.3  13411  -48.4  -71.2      5   0.02    225     16  382.6  382.7  382.6
  150.0  13640  -49.9  -71.9      6   0.02    255     17  383.9  384.0  383.9
  141.4  14021  -52.5  -72.6      7   0.01    260     25  385.9  386.0  385.9
  132.0  14465  -55.5  -73.5      9   0.01    271     24  388.2  388.2  388.2
  129.0  14612  -55.1  -73.1      9   0.02    274     23  391.4  391.5  391.4
  116.8  15240  -57.3  -74.4     10   0.01    290     21  398.5  398.6  398.6
  116.0  15286  -57.5  -74.5     10   0.01    289     20  399.1  399.1  399.1
  110.0  15622  -57.3  -74.3     10   0.01    280     17  405.6  405.6  405.6
  100.0  16220  -60.1  -76.1     11   0.01    265     10  411.3  411.4  411.3
   86.9  17091  -62.1  -77.1     12   0.01    330     13  424.1  424.2  424.2
   83.1  17368  -59.9  -75.9     11   0.02    322     12  434.1  434.2  434.1
   75.3  17984  -59.1  -75.1     11   0.02    304      9  448.2  448.3  448.2
   71.7  18288  -59.4  -75.4     11   0.02    295      8  453.9  454.0  453.9
   70.0  18440  -59.5  -75.5     11   0.02    315      5  456.8  456.9  456.8
   64.2  18977  -61.9  -76.9     12   0.02    338      4  462.9  463.0  462.9
   56.4  19781  -59.9  -75.9     11   0.02     13      2  484.9  485.1  484.9
   50.9  20422  -60.8  -76.8     10   0.02     40      1  497.4  497.6  497.4
   50.0  20530  -60.9  -76.9     10   0.02     90      1  499.5  499.7  499.6
   48.5  20726  -60.9  -76.9     10   0.02     75     10  504.0  504.1  504.0
   46.1  21031  -61.0  -77.0     10   0.02     80     14  511.0  511.2  511.0
   43.9  21336  -61.0  -77.0     10   0.02     85     12  518.1  518.3  518.1
   41.8  21641  -61.1  -77.1     10   0.03     60      4  525.3  525.5  525.3
   39.8  21946  -61.1  -77.1     10   0.03     35     11  532.6  532.8  532.6
   37.9  22250  -61.2  -77.2     10   0.03     75     23  539.9  540.1  539.9
   32.9  23134  -61.3  -77.3     10   0.03     46     13  561.9  562.2  562.0
   32.7  23165  -61.2  -77.3     10   0.03     45     13  563.0  563.3  563.0
   31.2  23470  -60.1  -77.3      9   0.03     45     22  573.8  574.1  573.8
   30.0  23710  -59.3  -77.3      8   0.03     70     19  582.4  582.7  582.4
   29.9  23731  -59.1  -77.1      8   0.04     72     19  583.5  583.8  583.5
   29.7  23774  -59.2  -77.2      8   0.04     75     19  584.4  584.7  584.4
   28.3  24079  -59.8  -77.8      8   0.03     65     23  590.9  591.2  590.9
   26.9  24384  -60.5  -78.5      8   0.03     85     29  597.4  597.7  597.5
   25.6  24689  -61.1  -79.1      8   0.03     75     39  604.1  604.3  604.1
   25.2  24797  -61.3  -79.3      8   0.03     73     38  606.4  606.7  606.4
   24.0  25101  -59.5  -78.5      7   0.04     68     37  620.1  620.5  620.2
   23.2  25298  -60.3  -78.7      7   0.04     65     36  623.5  623.8  623.5
   22.7  25448  -60.9  -78.9      8   0.04     63     35  626.0  626.3  626.0
   21.1  25908  -59.3  -79.6      6   0.03     55     33  644.2  644.5  644.2
   20.0  26240  -58.1  -80.1      4   0.03     60     34  657.6  657.9  657.6
   18.3  26801  -56.7  -81.7      3   0.03     74     29  678.9  679.2  678.9
   18.2  26822  -56.7  -81.8      3   0.03     75     29  679.6  679.9  679.6
   16.6  27432  -56.4  -83.8      2   0.02     85     24  699.3  699.6  699.4
   15.8  27737  -56.3  -84.9      2   0.02     65     28  709.5  709.6  709.5
   15.1  28042  -56.2  -85.9      1   0.02     70     41  719.7  719.9  719.7
   13.7  28638  -55.9  -87.9      1   0.01     62     40  740.2  740.3  740.2
   11.8  29566  -52.8  -85.7      1   0.02     50     38  782.5  782.8  782.5
   11.7  29649  -52.5  -85.5      1   0.02     55     37  786.4  786.7  786.4
   10.8  30175  -53.2  -86.2      1   0.02     85     30  802.3  802.6  802.3
   10.3  30480  -53.6  -86.7      1   0.02     85     31  811.7  812.0  811.7
   10.0  30660  -53.9  -86.9      1   0.02     80     27  817.3  817.5  817.3
    9.8  30785  -53.9  -86.9      1   0.02     75     27  821.8  822.1  821.8
    9.4  31058  -53.9  -86.9      1   0.02     53     31  831.9  832.1  831.9
    9.3  31090  -53.5  -86.5      1   0.02     50     32  834.6  834.9  834.6
    9.2  31197  -52.1  -85.1      1   0.03     49     34  843.9  844.2  843.9
    8.5  31699  -52.4  -85.4      1   0.03     45     42  861.6  862.0  861.6
    8.3  31864  -52.5  -85.5      1   0.03     45     42  867.5  867.9  867.5
    7.3  32703  -47.9  -82.9      1   0.06     45     41  918.6  919.4  918.7
    7.1  32918  -48.8  -83.1      1   0.06     45     41  923.4  924.2  923.4
    7.0  32980  -49.1  -83.1      1   0.06     45     41  924.8  925.6  924.8

Station information and sounding indices

                         Station identifier: SLC
                             Station number: 72572
                           Observation time: 080221/1200
                           Station latitude: 40.77
                          Station longitude: -111.94
                          Station elevation: 1288.0
                            Showalter index: 7.96
                               Lifted index: 7.39
    LIFT computed using virtual temperature: 7.41
                                SWEAT index: 11.99
                                    K index: 19.70
                         Cross totals index: 21.00
                      Vertical totals index: 22.80
                        Totals totals index: 43.80
      Convective Available Potential Energy: 0.00
             CAPE using virtual temperature: 0.00
                      Convective Inhibition: 0.00
             CINS using virtual temperature: 0.00
                     Bulk Richardson Number: 0.00
          Bulk Richardson Number using CAPV: 0.00
  Temp [K] of the Lifted Condensation Level: 271.03
Pres [hPa] of the Lifted Condensation Level: 825.54
     Mean mixed layer potential temperature: 286.31
              Mean mixed layer mixing ratio: 3.99
              1000 hPa to 500 hPa thickness: 5402.00
Precipitable water [mm] for entire sounding: 10.71

Description of the data columns or sounding indices. 
